fourth_to_fifth_root_transfer_certificate_v1
scope=certified_baseline_fourth_to_fifth_recursive_transition
identity=H5_recursive-H4_recursive=survivor_scale_gain-exiting_parent_release
identity_verified=true
fourth_recursive_roots=1717
surviving_recursive_roots=1015
exiting_recursive_roots=702
exiting_to_terminal_roots=17
exiting_dropped_roots=685
split_recursive_and_terminal_roots=0
fifth_all_repeated_root_labels=0
fifth_all_max_root_multiplicity=1
survivor_scale_gain_decimal=1.816777911848
survivor_scale_gain_sha256=1d62e1e6da7ee7ad6b3520febd71f52b31e98681f88125c2b1c4daaded0bcffc
exiting_parent_release_decimal=1.310139720502
exiting_parent_release_sha256=c353514da2336b2f62fa111690f4f4d424e7dcc152ec55539b137845a14212b3
terminal_exit_parent_release_decimal=0.330617984540
dropped_exit_parent_release_decimal=0.979521735962
recursive_delta_decimal=0.506638191346
recursive_delta_sha256=469eb05f73ca7e4c903eb3ee96a978993d4828bd86d7dc0b33200368916ab880
gain_release_ratio_lower=277341/200000
gain_release_ratio_upper=693353/500000
gain_release_ratio_decimal=1.386705466156
gain_release_ratio_sha256=0959127f1407bfba2d780f67713af93d1501a671f8bf25eaeb7058f1cd6b823a
terminal_mass_from_exiting_roots_decimal=2.043863226048
terminal_mass_from_split_roots_decimal=0.000000000000
surviving_root_rows_sha256=5db2dd52dd752686d141b9c874a875e700eadbd7bd777fe39586183a3233650e
exiting_roots_sha256=08a4e7df5f26174be8e8f9d58bc1bc30eb9d7de95129cfea672dc2b90e6ad2e3
probe_payload_sha256=08c8f9cdf6e5d044da2d67fbe5c508f6b9ca1c46f3fa62894130188b1321d3c9
