pair_resource_early_transitions_certificate_v1
scope=certified_R1_to_F2_and_R2_to_F3_retained_transitions
later_generation_propagated_for_test=false
R1_states=21
R1_affine_states=21
R1_union_resource_mass_decimal=13747.585619743902
F2_union_resource_mass_decimal=11399.171002318168
R1_to_F2_union_ratio_decimal=0.829175494359
R1_to_F2_union_verified=true
R1_occurrence_resource_mass_decimal=13748.209979521601
F2_occurrence_resource_mass_decimal=36736.589235237363
R1_to_F2_occurrence_ratio_decimal=2.672100509124
R1_to_F2_occurrence_verified=false
F2_repeated_resource_mass_decimal=25337.418232919194
R2_states=14
R2_affine_states=14
R2_union_resource_mass_decimal=11398.028689923307
F3_union_resource_mass_decimal=4288.950913734511
R2_to_F3_union_ratio_decimal=0.376290635809
R2_to_F3_union_verified=true
R2_occurrence_resource_mass_decimal=36734.545372011315
F3_occurrence_resource_mass_decimal=17565.080459895682
R2_to_F3_occurrence_ratio_decimal=0.478219099042
R2_to_F3_occurrence_verified=true
F3_repeated_resource_mass_decimal=13276.129546161171
transition_summaries_sha256=3955bbc1d8e8c0d86c89f667299448296a9b06de3b728266223130a7d0bc8d68
probe_payload_sha256=63370f215633d9c9b41421bf99dcd99fab0cc9391d18a8005de5985132afef1d
