pair_resource_ownership_summary_v1
probe_payload_sha256=5ec066d16ec0175e7e78e2aafb05404aca67af8090edc143a4dfe6697b55d51c
parent_resources_sha256=69446f6ea2ebea4700942b54a94f9e211790a21f40d1fb5944058c0b702a1d2e
child_resources_sha256=bd056d5ed1fd97139bcd804f1b34673a4d5f8b3bf45787dc515b068e6bf4171f
child_rows_sha256=3f4d7e3f08aa9b95864dc1ef53b657d8c3a280ffb0fdcdc5cab470c802abbecb
unused_parent_pairs_sha256=f3ca0b9ed198e6d0e9869e1fda244d855893246ee047f4344a9046015087ee12
generation_six_propagated=false
containment_verified=true
partition_verified=true
child_pair_disjointness_verified=true

[counts]
child_max_pair_multiplicity=1
child_resource_pairs=107413
fifth_current_pairs=1032
fifth_recursive_current_pairs=1015
fifth_recursive_latent_pairs=106381
fifth_states=21
fifth_terminal_current_pairs=17
parent_current_pairs=1717
parent_latent_pairs=370505
parent_max_pair_multiplicity=1
parent_resource_pairs=372222
parent_states=12
recursive_current_from_parent_current=0
recursive_current_from_parent_latent=1015
recursive_latent_from_parent_current=0
recursive_latent_from_parent_latent=106381
terminal_from_parent_current=0
terminal_from_parent_latent=17
unused_parent_pairs=264809

[masses]
child_occurrence_resource=1586.466623468978;sha256=fb3c18c6130bd3e49beb236b9f9f8e6518c13abd7f3007ebc213cb95c0dd6f88
child_over_parent_ratio=0.577864745297;sha256=19231d24879d681bec88a985c6e34c50d2ded19d0c4bf3ee8b3ed5902be917c2
child_repeated_resource=0.000000000000;sha256=5feceb66ffc86f38d952786c6d696c79c2dbc239dd4e91b46729d73a27fb57e9
child_union_resource=1586.466623468978;sha256=fb3c18c6130bd3e49beb236b9f9f8e6518c13abd7f3007ebc213cb95c0dd6f88
parent_occurrence_resource=2745.394378841703;sha256=530e7fcc195f562af8f4adcb0a1fa830f936df149a2019d5e9d3202d1ed0a9bc
parent_union_resource=2745.394378841703;sha256=530e7fcc195f562af8f4adcb0a1fa830f936df149a2019d5e9d3202d1ed0a9bc
unused_parent_resource=1158.927755372724;sha256=008a1882e3c565da33055712c3daa2608d1b7e0a478f2007a1c44bdcf44587fd
