pair_resource_third_to_fourth_certificate_v1
scope=certified_R3_recursive_to_complete_F4_retained_transition
generation_five_or_six_propagated_for_test=false
R3_recursive_states=14
R3_points=4789
R3_affine_states=14
R3_nonaffine_states=0
R3_resource_occurrences=2155298
R3_distinct_resources=2155127
R3_max_resource_multiplicity=2
R3_repeated_resource_tokens=171
R3_occurrence_resource_mass_decimal=7828.862146571999
R3_union_resource_mass_decimal=7821.150527735019
R3_repeated_resource_mass_decimal=7.711618836980
F4_total_states=23
F4_total_points=1794
F4_affine_parent_resources=372299
F4_distinct_affine_parent_resources=372286
F4_max_resource_multiplicity=2
F4_repeated_resource_tokens=13
F4_occurrence_resource_mass_decimal=2747.630136815823
F4_union_resource_mass_decimal=2747.496183058024
F4_repeated_resource_mass_decimal=0.133953757799
missing_current_resources=0
missing_latent_resources=0
occurrence_surplus_decimal=5081.232009756176
union_surplus_decimal=5073.654344676995
occurrence_verified=true
union_verified=true
parent_resources_sha256=137dd01efb904f5c591656649bb7dccd27a54731b5f79808943bd1a6f7c870cb
child_resources_sha256=8f0e8c382b82546379f37048bfd5e8d0f36e8d26e60b886ce4e66b1dab650524
probe_payload_sha256=b60aadd11f59e5f1e864ec90fa3482f15e1ca08632b73fb6d212ef39d4bd61fb
