root_lineage_transfer_classification_certificate_v1
scope=certified_baseline_fourth_to_fifth_transition
identity=H5_recursive-H4_recursive=survivor_scale_gain-exiting_parent_release
identity_verified=true
fourth_recursive_roots=1717
surviving_roots=1015
terminalized_roots=17
dropped_roots=685
split_roots=0
survivor_immediate_provenance_matches=1015
surviving_source_types=backbone
surviving_backbone_roots=1015
surviving_middle_fiber_roots=0
shell_drop_support=1,2,5,7,9,10
shell_drop_counts=622,351,27,9,3,3
survivor_parent_classes=24,48,65,68,77,82,93
top10_gain_share_decimal=0.535180381624
top25_gain_share_decimal=0.738996562217
top100_gain_share_decimal=0.892166532723
dropped_no_raw_output_roots=12
dropped_with_raw_output_roots=673
dropped_raw_fully_numerically_covered=280
dropped_raw_partially_numerically_covered=263
dropped_raw_not_numerically_covered=130
survivor_scale_gain_decimal=1.816777911848
exiting_parent_release_decimal=1.310139720502
recursive_delta_decimal=0.506638191346
survivor_rows_sha256=53d8f83518fbeefe33ef532cba207c4f829f9c0aa6086f192ab12c30891cbffd
exit_rows_sha256=bde9a30bf562dafca35ecee982d96b121cfde59d15553b5ed4ca4d0c8a783961
survivor_groups_sha256=37a52d9fb7928a11cf815295fd71925dc95054e7ade70bd34c732ed027a226dc
exit_groups_sha256=c10aeeedad61cfcab66a5309be7ec3c59aec8149b121e4fd34b985f7f4c20356
probe_payload_sha256=dc268101bda80c60b30d50c90d89cbd077d1bce203230bfbf44f073a6526f6e7
